	-0.04722614958882332, 0.019761109724640846, 0.07844228297472,
	-0.0606808140873909, -0.04939325153827667, 0.0015856040408834815,
	0.020929567515850067, 0.019595669582486153, -0.056936267763376236,
	-0.019312450662255287, 0.036745667457580566, -0.022109122946858406,
	0.00392612861469388, -0.023992065340280533, -0.017663931474089622,
	-0.04443011432886124, -0.018771570175886154, 0.11169900000095367,
	-0.05685241147875786, -0.038828860968351364, 0.007490721996873617,
	0.032851122319698334, 0.0359967015683651, 0.03385430946946144,
	0.07675784826278687, 0.0025240390095859766, 0.04864663630723953,
	-0.0019161597592756152, -0.02369052916765213, -0.027481544762849808,
	-0.023859582841396332, 0.07446780055761337, -0.045355174690485,
	-0.04397885873913765, 0.0038196705281734467, 0.050173234194517136,
	0.054057057946920395, 1.7032694813678972e-05, 0.07438621670007706,
	-0.04152369499206543,
