	-0.15685738623142242, -0.32678553462028503, -0.3418840765953064,
	-0.20079542696475983, 0.30995023250579834, 0.24677148461341858,
	0.079199880361557, -0.040627628564834595, -0.25709816813468933,
	-0.22703780233860016, 0.18441297113895416, 0.06754732131958008,
	-0.2636587619781494, -0.22106340527534485, 0.3038933277130127,
	0.15778271853923798, 0.5181022882461548, 0.44912227988243103,
	0.10792864114046097, 0.022163258865475655, -0.22013884782791138,
	0.1724008321762085, -0.01692391186952591, -0.312360018491745,
	-0.15927617251873016, -0.2752060294151306, 0.025913257151842117,
	-0.31732749938964844, -0.12340337038040161, 0.08508092910051346,
	-0.2872893810272217, -0.23246662318706512, 0.22923880815505981,
	-0.12585300207138062, 0.3433879613876343, 0.4818779528141022,
	-0.08218929171562195, -0.25612765550613403, 0.2878701090812683,
	-0.22031740844249725, -0.22322480380535126, -0.20467102527618408,
	-0.0913030132651329, -0.046835437417030334, 0.18916504085063934,
